0
3
5
8
12
15
18
21
24
26
29
32
34
37
39
41
43
46
48
50
52
54
56
58
60
62
64
66
68
70
72
74
75
77
79
81
83
85
87
88
90
92
94
95
97
99
100
102
104
105
107
108
109
111
112
114
115
117
118
119
121
122
123
125
126
127
129
130
132
133
134
136
137
138
140
141
142
144
145
146
148
149
150
151
153
154
155
156
158
159
160
162
163
164
165
167
168
169
170
171
173
174
175
176
178
179
180
181
182
183
184
186
187
188
189
190
191
192
194
195
196
197
198
199
200
201
202
203
204
205
206
207
208
209
210
210
211
212
213
214
215
216
216
217
218
219
220
220
221
222
222
223
224
225
225
226
227
228
229
229
230
231
232
232
233
234
235
236
236
237
238
239
240
240
241
242
243
244
244
245
246
246
247
247
247
248
248
249
249
249
249
250
250
250
250
250
251
251
251
251
251
251
252
252
252
252
252
252
252
252
252
252
252
252
253
253
253
253
253
253
253
253
253
253
253
253
253
254
254
254
254
254
254
254
254
254
254
254
254
254
254
255
255
255
255
255
255
255
255
255
255
255
255
255
255
255
